REDEVOERING. 51

(1111 1111111 (111 aude, (111111111111 wij, (1111111 31111113 111131111111

111 1111 1111111111 11111111111111111 111 1111 111111 familie 111 111·

1111111111, 31111111311 1111111 3111111311 1111111111. ’
Rijker, 11111113 11111111 111111111 111 vermen 11 1111111 1111 (1131-

¹ 1111111, 11111111 111 hare 11111111111113111 (111111111111111111. (1111111

11 11111111 zijn (1111 111 (11 3111111, 11111111111111. 111111 111 (11
111111 (111 middellandsche 11111 (1111111111-111111111111 1111111111 111
(11 11111111 111111111111111 111 111 1111111111, die, 11131111 op (111
1111111 111111111111, 1111111111 met (111 1111111111 1111113111. En 11
(111 111111 1111111 1111111111 (11 Arunda 1111111 111 111111 311113111111
311111111, (111 (11 1111111131, 11111311111111,.111111]’13111111111111311,
11 (111 11111111311 11111111 1111111. Maur (11 1131111131113111111111111
zijn 31111111311 111 111111111111111. Dat 1111131111131111, (111 vast
1111131111111 1111111111111 1111111111 1111311, 113111111111111111 be·
stand, 11 1111111 111 11111111 31111111 111111111111, (111 (11 1111111111
1111111, 11111111111 (111 1111111111 31111111. 111111 11 1111111111 Europa
11111 (1131111111 11111 1111111111 11111111 (11 andere 1111111 1111111111,
en 11111 in (11 11111 1111111111 11311131111111311111111111111111111,
zijn het 111111 111111111111 11 1111111, (111111311111111 anderen 1111·
11131111, in 111 111113111131111111, 1111111 op 1111 1111 11111111 31111111·
1111111 1113111111

Ζοο 11111111111 1111, 1111 11111111111111111111 11111311111 111
1111131111311, (11 1111111 11111111111 111, 111111111111,11]”111111(1111-
111311111 ende 111111 111111 (111 1111111111 11311111, 1111111111 1111111

1111 (111 (11 1111111131 1111111 (111 (11111111 11 (11111111111111 (1111111111 .

3111111 11 (11 (1111111111 11111113 11111111. Μ111 111 (11 andere zijde 111
(111 11111111, 11111 voorbij (11 1111111111 hitto 111 11111111-1111111 1111
1111111 3111111311 1111111111 11111131, 1111111 wij honderden 111 (11
1111111111 Ε11111 met (111111111111 11111111, nu niet 11111111111111111·
1111311, 11111 11111111 (111 11111311 1111111311 11111131111111111Κ1111-
1111 1111111111. 0111111111 111111 (11 1111111111111111111. In Nieuw·
Helland 111111111 11111 (11 1111111, 11111111 1111111111111131111111
(11 Epaoriden, eene even 1111111111111131111, (111 1111 11111 311111 1111·
11111111 heeft. ’
7*

 

