50 W. 1². R. summ

, 0103000010 000 101 1001001010 0010ορ 00001 01010100, 100 10 het 0001 110100

11010οΙ0000 0001000000, met 1000000 010001300 0100301, 00 0000 1003010001,
100 000100 0011011110 000000 010 0000 11011100οο 0113001011. 1101001
00013, 000 000 0033001010 00000111οἱ03 000 00010οἰ30 0000300101ωο 10
101 1)Ιο01000111. 10 1001 worden 00 011000, 10 0000 30100100100010100·
tengroep, 00013010010000011110010110000000, 0000000 0003010100. 11000110
rol, 110 10 0001000000 10 het 0000011000οω10 1001001ορ000001100,00011 in
de oudo 0000011 0000011 door 10 01000130 Euphorbia'o, 00 000 0101011001
100000 1000 0001 met 100 0000000, 1011010030001001003 1000011000
000 1001001110 000110ορ 1001000000 100. 10, 000100301110000101030111100
vorm 10011100 001 1010101110 1101001101 000 10 Kanp, 1000001 11000000 00

00001100 haar wederom 0000 00000001110010 110010000011000 10 10110011· ss

kundig systeem.

Ηο1 10 001100 0100110 111 011000100103, 10101100 000000 0000100 worden 1

vereenigd, 000110 101 301001 000001110010 0010001110 3000μο 10100000.

Want juist 100010 1001001 10100000 1000010011100003001111103,101
011 010001 op 01101310300 10 110 100100, 000110 met het 10001100 00010
3010010 plant in 10100000010000100101000. Ζοο 1010000010 3000000, ’

11010 10 0011010161000 3011100113οο 101001 0000001100, 001 0110 101 “
&fine 00100011110 familie, 00 00110 00000000 0011111 1000 000300 1001010000·
100 00 110000, 110010 0001113011001000 0000 000013011101010010010101100
in 10 003010110, 0000001300 0011 003 0100110 3000100110 001010 1100000
00 000011300010 0000001001ορ 10011100.

· Zijn 01100 10 110011000οι00 met 0001001 0113010000 00 10100011, 1001010001
00 0100110 0000 101010 0000000103, 000 1011000 1111 100, om op 10 0000100,
100 00000130 dier 1001100000οο 10 101 1001001010 0110 000000131οο 000000-
3000000. 10 wil 000 100110010030001100001001 10001οο0000 met 1100
000 001000 0100100, wil men 1000110 01300000113 1000110010300 00001000,
00 01100 11001010 101301001 1010001111 0000010000, 100 00001 003 worden
00303000, 11οο 110 001110 30οο1000000 0010110001001011010100 000101
1001001010, 01 000110 001000 000000 1000, 10 plante 000 100,301101000000.

110001οο0000 00111. v. op 110 001100 0000 3000010110οο0 1011001100, 00
0003011100 0011 00 00011001 0000100000 100 3000000 00 1011000011οο 10 00·

 

