. REDBVOERING. 211

110 1111010110 1110001100 3010110111 Die heilrijke 11110011 1111001111101111
10 110100 110 (11110111 Κ1111 1111 Ηο0110001, 110, 011110 1010ον001
10 00111101011111011 110 1110 land op het 110130101001001111001001· .
11110010 01111030100 000 11010100 10301103110101100111101110101100,11
10 11101100 110 1110 1111 1030111100 30011110 101 11011110 11011100 01110
111001 1001111100. 11001 10011111130 01111103 00 01011130 110110 101000 101101
101131 10 10 10103001011011111011111130100100, 00 11010 111111οἰ1
101 1000101103οο 11010111 81010101100100 010111131, 110110 hij 11011101
1111, 10 1101301103 110 101100301001031111 10 0101000110101010310 bren·
300 0101 10 0110100 101 010010111111101110011001130 1010010111). Doch
10 10301103 0111100110 11100 1010010300, 10 01110 1010110 0101 111 hij
moer 100 1111010 11001110, 111 hij 1010011111100 110 haren bloei 10110·
11310, 00 10 10100013103 0011101311, 11111 het 101110101οο11 1101101 3010·
10010 11100 0011100 1001 110110 10110100 3010110100 111, 1100110 001 01 den
1111111103 10011, 1111010010 1001001011011011011111 10 001110 10110100
101100 30101. 110011 Ηο0110001 111 0101 10 1013οώ 3011110100 00 30·
10110100, 11 01031 10 01010 0110 10 1011000103 0101 mken, 11100 00101·
0100110 10310300 0101 1111110 3010111οο 0101 11110 11001100 1011000110
1100. 10 1830 werd 10 11110011010 1101, 110 001 110Βο131111001110,
30101111113 10030111. ’101 1110 1001011113 3100130111οᾱ 10110111, 100 ψ
110011·Νο1011101 11011 110101 0030110011 010130100 110 10 stadie 101
10011110111110 10111101, 1111100101 101 110011001οο 1013113 1111 30101100.
111οο311001 11001 10 01011013103, 1111110 1131010100 003 110011 1001111103
1011100100. Ηο01110001’1 3011111100, ’1100301 0111101111 0130100111,
110100 3010100 00 10110100 00 110010 10001 011 111111 3011011. Ηο1 1011,
, 101011 10 011131103 110 10011100100 1001101111110111001110101100010
1003011101οο 1001 10111010 mannen 0113011100ἰά, 10300 110311ωο1101
11101100 10 111300. 1011011101 1111310011 bij 0010 01110 0000 3011131130
00 10 100013 0111131 1101111130 1101103103 1110111. 11001101110310101110-
- 01111011 10 don 111111 0101 Belgi& 00 10 10001 01001· 1111110010 30101300
110 101 1011000011ωά130 1111101 11010110110310100100 1010111811
1111101 10301101001100 1101110100 30011 110101 00111100 0011131110 10
natio 1011101 benef, 111101010311011111 11101101030011001113010 0101
1100111 0010011130 1030131011011100, 01111 1110 013000 10 1101110111
27·

 

